#B
B|319,545 12,0 27,3 -1,29 -8,-1 0,-12 -19,-2 0,12 -12,0 1,-29
H:R|293,471 -1,35 -11,-1 -11,-1 1,-35 6,1 5,0 2,1 9,0
H:E|274,221 -1,0 0,11 0,6 0,6 -1,6 0,6 0,6 0,6 -1,11 0,12 7,1 1,0 4,0 3,1 2,0 7,1 3,-54 0,-17 -7,-1 -3,0 -2,0 -2,0 -3,-1 -7,0
H:F|330,226 11,1 2,0 2,0 10,1 -2,70 -10,-1 -3,0 -6,0 -7,-1 3,-70
H:M|387,231 11,1 2,0 2,0 10,2 -3,69 -8,0 -4,-1 -6,0 -7,-1 3,-70
H:LI|299,142 30,3 -1,23 34,3 1,-12 30,3 0,11 21,2 9,1 -1,29 0,4 -1,13 -19,-2 0,12 -2,0 -2,0 0,-12 -53,-5 0,12 -2,0 -2,0 0,-12 -53,-5 0,12 -2,0 -2,0 0,-13 -19,-1 1,-13 1,-33 21,2 10,1 1,-23
H:K|109,488 -3,1 -3,1 -4,1 0,1 -6,2 -6,-66 7,-1 0,1 15,-3 0,-1 6,-2 6,66 -8,2 0,-2 -4,0
B|302,562 -30,-3 -2,55 -11,-1 0,-1 -5,-1 0,-13 6,0 1,-40 1,-9 -11,-1 1,-19 22,2 -1,10 29,2 0,19
H:LB|417,507 2,-38 1,-15 40,4 2,0 2,0 10,1 15,1 -1,12 -1,42 -70,-7
B|215,431 -1,15 -1,0 -1,22 1,0 0,7 -1,6 -1,22 1,0 -1,14 -17,-1 1,-16 8,1 0,-17 -7,0 0,4 -12,-1 0,-4 -6,0 -1,17 1,0 0,14 -12,-1 1,-14 1,1 1,-30 1,-29 0,-14 11,1 -1,15 -1,0 0,18 5,0 1,-4 10,1 0,3 10,1 0,-17 -9,-1 1,-15 18,2
B|211,568 -1,16 -5,0 -1,34 -1,-1 0,4 -6,0 0,5 -4,-1 0,-5 -6,-1 1,-38 -20,-1 -1,38 -9,0 0,-2 -9,-1 1,-37 -2,-1 -17,-1 0,-14 5,1 1,-37 1,0 0,-3 5,0 0,4 5,0 0,-4 5,1 0,4 2,0 -2,30 0,6 22,1 0,-5 1,-30 10,1 0,-4 6,1 0,3 0,1 -1,35 20,1
B|98,538 16,-4 2,15 -3,1 0,6 -3,1 1,16 4,0 4,1 3,1 1,6 0,7 -3,2 -4,2 -3,2 2,17 3,-1 1,6 3,0 1,14 -17,3 -1,-13 2,-1 -2,-23 -1,0 -1,-10 -1,-10 1,0 -2,-23 -2,0 -1,-15
B|565,-8 1,20 -27,1 0,-20 26,-1
B|601,13 1,22 -26,1 0,-22 25,-1
B|120,795 -4,-47 -2,0 -2,-19 2,0 -2,-28 -1,1 -2,-14 18,-4 1,13 -6,2 2,14 5,-1 1,7 -1,0 1,6 2,-1 1,19 -1,1 0,6 1,-1 0,7 -5,1 2,24 20,2 0,15 -30,-3
B|37,281 -14,3 -1,0 -4,-51 -2,-14 -16,-1 1,-15 19,3 11,-3 2,27 4,51
B|269,712 -28,-3 -2,53 28,3 0,-4 0,-11 2,-38
B|311,736 -7,39 5,3 16,6 7,-39 -21,-9
B|-27,694 4,18 32,-15 -2,-13 -2,1 -10,5 -7,3 1,2 -3,2 -1,-3 1,0 -1,-6 -1,0 -11,6
B|-5,690 -2,-15 -11,5 -2,-8 12,-4 -1,-7 10,-3 4,27 -10,5
B|29,745 -2,1 2,9 2,-2 -2,-8
B|15,694 -1,-2 -2,1 -1,-4 2,-1 -2,-11 5,-2 -1,-3 5,-3 1,6 3,14 -9,5
B|20,669 -1,-5 3,-2 3,11 -4,2 -1,-6
B|16,167 -1,0 0,5 -9,2 1,13 9,-2 2,16 12,-3 -3,-33 -11,2
B|28,460 -3,-18 -5,2 3,18 5,-2
B|-10,59 -1,16 0,8 5,0 1,-1 6,-1 -1,-13 0,-3 -5,1 0,-6 -5,-1
B|36,402 -3,1 1,7 3,-1 0,1 1,0 0,-2 7,-2 1,2 -1,0 0,3 1,0 0,2 11,-2 -1,-13 -20,4
B|3,116 -10,2 0,6 2,0 1,2 15,-3 1,4 -2,1 1,5 2,0 11,-3 0,-2 -1,-15 -20,3
B|49,321 1,14 -16,4 -2,-15 17,-3
B|7,80 0,5 1,13 2,-1 11,-2 -1,-9 0,-9 -11,3 -2,0
B|41,376 1,7 -9,2 0,8 2,0 1,9 20,-4 -2,-25 -13,3
B|-3,136 0,-4 7,-2 1,4 -8,2
B|46,413 2,12 -1,1 -3,1 -1,-1 -8,3 2,9 22,-9 -2,-18 -11,2
B|12,284 -1,-17 -6,1 1,11 -2,0 0,-10 -9,1 0,8 -10,1 1,8 26,-3
B|9,51 0,4 -1,0 1,3 -2,1 1,4 10,-2 -2,-22 -7,0 -8,-1 0,12 8,1
B|11,133 -6,1 -8,2 -1,0 1,8 11,-2 4,-1 1,-2 0,-2 -1,0 0,-3 1,0 0,-1 -2,0
B|13,133 0,1 -1,0 0,3 1,0 0,2 -1,2 -4,1 0,6 4,-1 13,-2 -1,-12 0,-3 -11,3
B|36,354 0,5 3,-1 2,11 12,-3 -1,-16 -16,4
B|-5,60 0,-5 3,0 0,2 3,0 0,-7 0,-12 -5,0 -5,-1 -1,22 5,1
B|52,451 -9,4 0,5 4,0 0,5 3,0 12,-3 -1,-14 -9,3
B|0,168 -5,0 0,7 6,1 0,-6 6,-1 -2,-15 -6,2 1,12
B|6,66 1,5 1,0 1,9 -2,0 -6,1 -1,-13 6,-2
B|39,306 1,5 8,-2 1,12 -17,3 0,1 -2,-16 9,-3
B|10,97 0,9 -1,2 -7,2 1,6 20,-3 -2,-15 0,-3 -11,2
B|23,284 1,9 2,17 4,-1 9,-3 -2,-25 -14,3
B|8,63 0,4 -1,0 1,4 1,9 11,-3 -1,-5 1,0 0,-4 0,-3 -1,0 -1,-4 -10,2
B|7,85 -5,1 1,9 -6,2 -2,-15 6,-1 6,-1 0,5
B|12,147 1,12 1,0 0,4 1,0 1,4 11,-2 -2,-20 -13,2
B|37,438 1,7 12,-5 0,2 -1,1 0,5 2,1 1,0 0,2 9,-3 -2,-19 -22,9
B|25,551 1,8 -13,4 -1,-8 5,-2 -2,-11 7,-2 3,11
B|55,517 -3,0 2,19 2,0 1,10 12,-3 -2,-29 -12,3
B|34,504 1,11 1,0 1,4 7,-3 -4,-23 -8,3 2,8
B|76,619 -13,3 2,17 1,0 11,-2 -1,-18
B|33,528 -1,-2 6,-2 4,23 -6,2 0,-2 -3,-19
B|55,652 -8,3 5,20 7,-3 -4,-20
B|-8,604 9,-4 -1,-7 -2,-1 -1,-3 -8,3 1,2 2,10
B|6,566 7,-3 13,-4 1,9 -20,8 -1,-10
B|13,482 3,15 7,-3 0,-3 -2,-12 -8,3
B|11,596 3,2 1,7 6,-1 -2,-11 -1,1 -1,-7 -1,1 -2,-8 -6,2 3,14
B|57,546 1,9 -1,7 14,-5 -2,-14 -12,3
B|54,594 1,7 5,-1 1,15 14,-3 -2,-22 -19,4
B|53,488 -2,0 1,9 1,-1 0,3 -1,0 0,5 1,0 1,2 -1,1 0,4 1,0 1,6 12,-3 -3,-29 -11,3
B|30,572 3,15 1,0 3,15 7,-3 -6,-30 -8,3
B|27,507 -6,3 1,8 -2,1 1,10 9,-3 -3,-19
B|32,685 -4,-21 6,-3 0,1 6,-3 4,20 -12,6
B|63,653 -1,-4 -7,3 4,20 7,-4 -3,-15
B|51,468 0,3 -3,1 1,13 3,-1 1,4 11,-3 -2,-19 -11,2
B|57,562 -14,5 2,7 10,-4 6,-2 0,8 1,8 -7,3 0,1 -1,2 0,2 0,2 19,-4 1,0 -1,-11 0,-3 -1,-5 -1,-14 -14,5
B|-1,553 1,0 -2,-11 -1,1 -2,-15 -4,2 0,5 -1,1 2,11 -4,2 0,1 -2,1 0,2 2,0 1,4 10,-4
B|27,568 8,-3 -2,-9 -7,3 1,9
B|16,497 -4,2 1,4 11,-4 -1,-5 -7,3
B|23,494 1,5 2,-1 3,-1 -1,-9 -5,3 0,3
B|-2,577 2,16 1,7 10,-4 -3,-14 -1,-6 -1,-10 -4,2 -6,2 2,7
B|66,639 1,7 2,0 1,8 -3,1 0,-4 -4,2 3,15 14,-6 -3,-25 -11,2
B|40,659 7,-4 5,20 -8,4 -4,-20
B|64,730 -13,5 -1,-10 10,-4 0,1 10,-3 0,2 1,7 -7,2
B|71,708 2,11 -3,2 1,7 14,-6 -1,-17 -13,3
B|77,743 -1,0 0,4 -1,2 0,3 2,1 1,0 1,8 10,-2 -2,-19 -10,3
B|43,696 8,-4 5,22 -4,2 -2,-7 -4,2 -3,-15
B|70,695 -9,5 -3,-11 11,-5 1,11
B|51,692 7,-3 3,11 0,3 -3,2 1,7 -3,2 -5,-22
B|34,700 3,15 9,-4 -3,-15 -9,4
B|77,743 -1,-8 -2,-2 -9,3 -1,-6 7,-2 14,-6 2,18 -10,3
B|188,225 0,-8 -4,0 -1,0 -1,24 0,3 5,0 0,-2 1,-17
B|124,74 0,-19 2,-2 -2,-4 -1,2 -5,0 0,-1 -10,-1 -1,24 8,1 0,-2 1,0 0,1 8,1
B|122,112 -1,6 2,0 -1,8 -1,0 0,6 -19,-2 1,-8 4,0 1,-11 14,1
B|227,151 -1,8 -1,0 0,8 -11,0 0,-2 -8,-1 0,-5 -3,-1 1,-9 6,1 5,1 0,-1 3,0 0,1 9,0
B|223,250 0,9 -2,0 0,9 -9,-1 1,-4 -8,-1 1,-14 17,2
B|216,398 1,-19 -10,0 0,-1 -4,-1 -1,20 14,1
B|159,120 0,9 3,1 -1,7 -20,-2 1,-17 17,2
B|231,60 -1,11 1,0 -1,13 -1,10 -5,-1 0,1 -8,-1 0,-9 1,-1 3,0 1,-20 3,0 0,-3 7,0
B|212,111 0,3 -3,0 0,8 5,0 13,1 0,-11 -15,-1
B|194,389 0,-7 -1,0 0,-6 -8,0 0,3 -4,0 -1,16 12,1 2,-7
B|202,243 0,12 -4,0 0,-4 -11,-1 0,-6 0,-2 6,0 9,1
B|151,312 -11,-1 0,-1 -6,0 0,1 -2,0 -1,9 2,1 0,1 1,0 -1,11 2,0 0,2 1,1 1,0 1,-1 0,-2 5,1 0,1 0,1 8,1 0,-25
B|159,353 0,-9 -4,0 0,8 4,1
B|157,55 -2,29 -11,-1 2,-29 11,1
B|181,379 0,-2 -3,0 0,-4 -8,-1 0,-2 -3,0 -1,24 14,1 1,-16
B|167,370 0,-3 -9,0 0,3 -3,0 -1,0 -1,23 13,1 1,-24
B|140,191 15,1 -1,10 2,0 0,9 -3,0 0,3 -14,-2 0,-7 -1,-1 0,-5 1,0 1,-8
B|75,124 -1,-11 -11,3 -1,-15 -12,3 2,24 15,-3 8,-1
B|170,137 0,4 -6,0 1,-5 5,1
B|187,190 0,-20 -5,-1 -1,21 6,0
B|221,268 0,9 0,9 -6,0 0,-2 -11,-1 0,-13 8,1 0,-4 9,1
B|106,357 0,10 4,1 0,-11 -4,0
B|154,370 1,0 0,-18 -4,0 0,8 0,9 3,1
B|159,94 -1,7 1,0 0,12 -9,0 -9,-2 1,-11 2,0 0,-8 15,2
B|83,168 -8,0 0,2 -2,1 0,4 10,1 0,-8
B|221,63 -4,-1 0,-2 -5,-1 0,3 -2,0 0,5 -1,0 -1,18 4,0 0,-2 2,0 0,-1 0,-2 2,0 0,3 1,0 3,0 1,-20
B|147,391 0,-17 -4,0 0,-2 -8,-1 0,2 -5,-1 0,19 5,0 0,1 7,1 0,-2 5,0
B|214,179 0,-4 11,0 0,7 1,0 0,4 -2,0 0,6 -10,-1 0,-2 0,-10
B|170,281 1,-20 -3,0 0,3 -10,-1 0,2 0,3 -1,0 0,5 0,7 4,0 0,2 6,1 0,-2 3,0
B|140,351 0,6 6,1 0,1 5,1 0,-8 -11,-1
B|197,84 6,0 0,-9 1,0 1,-7 -2,0 1,-9 -6,-1 -1,26
B|191,120 -4,-1 0,-1 -3,0 -1,25 7,1 1,-24
B|211,336 2,0 0,2 6,0 0,-21 -5,0 0,1 -3,0 0,18
B|187,170 1,0 0,-12 -6,0 0,11 5,1
B|113,350 -7,-1 0,8 4,0 3,1 0,-8
B|157,268 -8,-1 0,-3 9,1 0,3 -1,0
B|219,363 0,-7 -1,0 0,-1 0,-6 -5,-1 0,-1 -4,0 0,1 -6,0 -1,9 3,0 0,12 12,1 1,-7 1,0
B|153,214 0,13 7,0 0,9 -5,0 -3,-1 0,-1 -5,0 0,8 -5,-1 0,-8 -5,0 0,-17 2,0 0,-4 14,2
B|112,371 0,22 -10,-1 0,-13 4,0 1,-9 5,1
B|65,175 8,0 -1,18 -15,-2 -1,-15 9,-1
B|82,122 1,8 -4,0 0,-8 3,0
B|227,123 -1,15 -1,-1 0,3 -7,-1 0,1 -3,0 0,2 -8,-1 0,-7 6,1 0,-7 1,1 0,-7 13,1
B|89,166 1,-16 -9,-1 0,-3 -1,0 0,-4 -5,1 0,5 2,0 0,9 5,0 -1,8 2,1 6,0
B|122,91 0,21 -14,-1 0,-20 5,0 0,-2 4,0 0,2 5,0
B|159,253 0,-9 -8,0 0,-2 -4,0 -5,-1 -6,0 -1,18 0,19 5,0 0,2 5,0 0,-2 5,1 1,-10 -2,0 0,-2 0,-3 0,-12 10,1
B|100,49 -1,22 -2,-1 0,2 -3,0 0,1 -4,0 0,-3 -7,-1 1,-21 16,1
B|184,315 -6,0 0,-3 -3,0 0,2 -6,0 -1,19 0,3 5,0 0,3 8,1 0,-9 3,1 0,-17
B|67,125 1,6 -3,1 1,1 -1,0 0,5 2,-1 0,9 -13,2 -2,-20 15,-3
B|105,177 0,-5 1,-7 3,0 0,-1 5,1 0,1 5,0 -1,22 1,0 -1,9 -6,0 0,-2 -8,0 1,-8 -1,0 0,-4 1,0 0,-6
B|184,58 -1,17 -13,-1 0,-17 14,1
B|120,140 0,16 -5,0 0,1 -7,-1 0,-1 -5,0 0,-10 1,0 0,-6 6,0 4,0 0,1 6,0
B|205,87 -2,0 -1,8 3,0 0,-8
B|169,314 -4,0 0,-3 -4,0 0,3 -4,-1 -1,22 5,0 0,-2 7,0 1,-19
B|114,337 -1,9 -7,0 0,-9 8,0
B|68,131 7,-1 0,-6 -8,1 1,6
B|64,59 1,-7 3,0 0,-4 -3,0 0,-2 -3,-1 0,-1 -16,-1 -2,4 2,25 4,-1 0,3 16,-3 0,-6 -3,0 -1,-6 2,0
B|157,145 0,7 -2,0 -1,13 -14,-1 1,-15 -2,-1 0,-5 18,2
B|211,219 1,-5 -2,-2 -7,-1 0,-13 21,2 0,6 0,10 -1,-1 0,5 -12,-1
B|154,165 0,5 -1,0 0,6 2,1 0,2 1,0 0,7 -16,-1 0,-21 14,1
B|196,336 0,-6 1,0 0,-6 -1,0 1,-8 -5,0 0,-2 -4,0 0,2 -4,-1 0,17 -1,6 11,0 0,-2 2,0
B|93,195 1,-21 0,-7 -5,-1 -6,0 0,2 0,8 -1,18 11,1
B|98,158 6,1 0,8 -6,0 0,-9
B|152,683 3,26 -10,3 -3,-26 10,-3
B|196,665 -20,4 -1,22 -4,0 -1,21 -9,-1 2,-43 2,0 0,-7 4,-1 -1,-3 27,-6 0,-3 13,1 -2,45 -1,0 -9,-1 -1,0 1,-28
B|187,771 2,-52 14,1 2,0 -1,22 -2,62 -7,-1 -16,-1 1,-22 4,0 1,-11 2,2
B|85,-33 0,7 0,5 -1,0 0,6 1,0 0,7 -1,0 0,10 -2,0 0,1 0,1 -1,0 -1,0 -2,1 -2,1 -1,0 -2,-1 -1,-1 -1,0 -1,-1 -2,0 0,-1 -1,-1 -1,0 1,-24 8,1 0,-11 10,0
B|128,-23 0,6 0,1 0,16 -1,0 -1,7 -2,-1 0,2 -7,0 0,-2 -6,-1 0,-8 5,0 1,-30 7,1 -1,9 5,0
B|164,-17 -1,10 1,0 0,7 -1,0 -1,10 -1,0 0,2 -4,0 0,-3 -9,0 2,-28 5,1 0,-1 4,0 0,1 5,1
B|230,-55 0,10 0,9 -1,0 -1,18 1,0 0,9 -1,0 -1,11 -7,-1 0,-2 -12,-1 0,2 -8,0 0,-12 -1,0 1,-4 0,-5 1,0 1,-16 -1,0 0,-5 0,-4 1,0 1,-11 7,1 0,2 12,1 0,-3 8,1
B|332,465 -1,4 -1,45 -15,-1 2,-50 15,2
B|373,478 0,7 2,0 0,7 0,4 -2,0 -1,7 -2,0 0,7 -7,0 0,-7 -2,-1 0,-8 3,0 0,-6 0,-5 2,0 0,-5 7,0
B|52,350 -2,-15 -16,4 0,6 -3,1 1,9 4,-1 16,-4
B|83,69 -3,-1 0,-4 -8,-1 1,-17 11,2 -1,21
B|53,-17 0,1 8,1 0,14 -2,0 0,2 -3,-1 0,-1 -8,-1 0,2 -2,-1 0,-1 -4,-1 1,-16 10,2
B|-11,557 2,15 5,-2 6,-2 -3,-15 -10,4
B|56,176 -1,-19 13,-3 1,10 -5,1 1,10 -9,1
B|302,543 0,-1 8,0 -1,23 -8,0 1,-3 0,-19
B|211,318 -4,0 0,-2 -5,0 -1,21 5,1 0,-2 5,0 0,-18
B|223,220 0,6 1,0 0,9 -1,0 -1,6 -19,-1 1,-14 6,0 1,-1 0,-6 12,1
B|84,391 -8,-1 0,-14 9,1 -1,14
B|93,391 -9,0 1,-14 9,1 -1,13
B|102,392 -9,-1 1,-13 8,1 0,13
B|105,321 9,1 1,-14 -9,-1 -1,14
B|227,112 1,-9 -21,-1 -1,9 6,0 15,1
B|70,318 9,1 0,-15 -9,0 0,14
B|79,319 9,0 0,-14 -9,-1 0,15
B|88,319 9,1 0,-14 -9,-1 0,14
B|97,320 8,1 1,-14 -9,-1 0,14
B|69,684 2,-1 6,-3 0,-2 4,-2 3,29 -13,3 0,-10 -1,0 0,-3 -1,-11
B|22,540 7,-3 -1,-7 5,-2 3,19 -11,4 -3,-11
B|199,266 -1,17 -4,0 0,3 -5,-1 0,-2 -4,-1 1,-18 6,1 7,1
B|104,-7 1,0 -1,11 -7,-1 0,3 -8,-1 1,-14 4,1 10,1
B|205,694 -1,14 -1,12 -14,-1 0,-7 -12,-1 1,-13 5,1 0,2 12,1 0,-2 1,-7 9,1
B|198,58 0,-2 -3,0 0,2 -5,0 0,7 -1,0 -1,8 2,0 -1,10 8,1 1,-26
B|186,264 0,-4 7,1 -1,4 -6,-1
B|347,466 -8,-1 -1,6 0,23 8,1 1,-29
B|484,645 -13,-37 -7,-1 4,12 12,35 1,1 3,-10
H:SH|505,461 -2,53 29,3 1,-28 7,0 1,-25 -13,-1 -1,4 -2,0 0,-2 -3,-1 0,2 -3,0 0,-4 -14,-1
B|464,458 0,-7 0,-7 -2,0 -1,0 -1,6 0,8 2,0 2,0
H:N|486,255 0,8 -1,7 0,7 0,9 0,2 0,7 0,7 -1,8 -5,0 -2,0 -10,-1 -1,0 -10,0 -7,-1 0,-22 1,-5 0,-6 0,-5 0,-17 8,1 12,0 8,1 3,0 5,0
H|103,490 3,-1 3,-1 0,2 3,0 0,2 0,1 -7,2 0,3 -2,0 0,-3 -3,1 0,-4 3,0 0,-2
B|450,-43 -11,3 0,4 1,8 4,37 11,-3 -5,-42 0,-7
B|177,241 1,-25 -5,-1 -1,25 5,1
B|167,190 0,-5 -7,0 0,5 7,0
B|167,190 0,9 -7,0 0,-9 7,0
B|214,179 0,10 -9,0 0,-11 9,1
B|188,225 -1,17 6,0 1,-16 -6,-1
B|183,217 1,0 1,-25 -4,0 -1,25 3,0
B|140,351 11,1 1,-6 -13,-1 -1,6 2,0
B|72,571 1,5 0,3 3,-1 -1,-7 -3,0
H|439,531 27,2 0,12 -28,-2 1,-12
B|478,547 5,0 1,-28 -5,-1 -1,29
B|311,736 -22,-10 -5,30 -7,-3 -4,-2 -2,11 33,13 7,-39
B|515,561 0,8 -10,-1 0,-8 10,1
B|239,456 -1,12 -1,0 1,-12 1,0
B|237,456 0,-1 0,-2 0,-1 1,-1 1,0 0,1 1,1 0,2 -1,1 -1,0 -1,0
B|290,629 -3,-9 -2,0 -6,8 3,0 3,0 3,1 2,0
B|429,442 -4,0 -4,-1 1,-16 8,1 -1,16
B|274,218 5,1 0,-6 -5,0 0,5
B|27,507 7,-3 -2,-8 -3,1 -3,1 1,9
B|329,661 -1,10 -3,19 -3,18 -7,-3 -7,-2 -6,-3 -8,-2 4,-22 -11,-2 0,-3 11,2 4,-22 14,5 13,5
B|505,552 -13,-1 -2,4 -6,-1 -1,-4 -25,-2 -1,3 -4,0 -1,-4 -25,-2 -1,3 -6,0 0,-4 -5,0 1,-4 -5,-3 -2,0 -1,21 13,2 67,7 17,1 0,-8 0,-8
B|432,570 -1,15 -28,-3 3,-15 15,2 11,1
B|461,573 -1,15 -13,-2 0,-14 14,1
B|502,577 2,15 -29,-3 1,-15 12,2 14,1
B|470,576 -6,-1 -1,11 6,0 1,-10
B|440,573 -6,-1 0,11 6,0 0,-10
B|516,571 4,0 1,-11 -4,0 -1,11
H:B|454,344 0,-5 12,1 1,0 12,1 -1,5 0,13 31,3 -1,14 0,8 -30,-2 -2,30 0,4 0,4 -1,25 -11,-1 -2,0 -1,0 -9,-1 -2,0 3,-72 0,-5 1,-22
B|-7,787 5,23 10,-5 -1,-3 3,-2 -1,-3 26,-14 -6,-28 -2,-9 -3,-13 -1,0 -5,-21 -9,4 5,22 -17,9 -2,-7 -11,6 5,19 0,2 -1,0 2,6 1,4 1,3 -1,1 2,6
B|245,624 -1,20 -1,33 19,2 24,2 1,-7 0,-3 8,-42 -5,0 -2,0 -3,-1 -3,0 -3,0 -34,-4
H:A|340,411 -5,-1 0,-11 1,-13 12,1 0,-2 2,0 12,1 5,0 0,-5 18,1 0,12 -1,15 -4,0 0,4 0,11 -1,22 -1,5 -11,-1 -21,-2 0,-1 0,-1 -8,-1 0,-2 1,-9 1,-23
#G
50,208 74,12 -2,68 -65,-7 -7,-73
329,52 -1,0 -10,-2 -7,-1 -13,-2 -17,-2 -11,-1 -12,-2 0,5 12,1 11,1 17,2 12,2 8,0 9,1 1,1 1,-1 0,-1 0,-1
346,589 -4,-1 -1,13 -2,39 5,0 2,-51
250,93 6,18 -1,23 -8,-1 1,-12 0,-13 1,-15 1,0
258,76 -4,-9 -3,0 -1,18 1,2 6,20 1,-31
334,301 0,12 -22,-2 1,-2 21,-8
254,142 -8,-1 -1,35 7,1 2,-35
307,335 1,-20 -46,-4 -9,3 -6,136 35,3 22,-42 1,-5 2,-71
306,447 -1,-26 -2,0 -18,38 -1,12 9,0 -1,35 -11,-1 -11,-1 1,-35 6,1 1,-9 -31,-1 -4,53 52,7 4,-3 4,-70 3,0
391,666 -20,-47 -15,89 35,-42
508,377 0,8 -30,-3 -2,30 27,2 2,-11 4,-11 4,-1 1,-14 -6,0
487,421 15,2 -1,30 -1,0 -5,-11 -8,-21
386,496 -5,28 -3,4 -3,3 -5,0 8,-36 8,1
267,56 0,4 67,8 0,-4 -67,-8
258,56 0,-1 6,1 0,4 -5,-1 -1,-2 0,-1
339,640 -1,15 6,1 1,-16 -1,0 -5,0
337,615 -16,-3 1,-15 17,4 -2,14
218,30 0,2 14,2 1,0 1,-1 0,-1 -1,-1 -1,0 -14,-1
462,90 33,15 33,15 24,13 21,12 30,18 28,19 16,11 3,1 2,-4 -32,-23 -19,-12 -17,-11 -22,-12 -23,-12 -23,-12 -27,-13 -25,-11 -2,6
460,82 -13,-6 -14,-5 -29,-11 -25,-8 -14,-4 -12,-4 -13,-3 -14,-3 -16,-2 -33,-4 -8,-2 -7,-2 -1,0 -1,0 -1,1 1,1 2,1 4,1 34,5 31,5 15,4 26,8 18,6 15,5 17,7 24,10 13,6 1,-6
43,11 -8,-1 0,2 1,1 1,0 6,1 0,-3
141,41 0,-1 0,-1 3,0 2,0 0,1 0,2 -5,-1
146,22 -5,0 1,1 0,1 1,0 3,1 0,-3
354,468 -1,-3 -5,0 -2,48 -7,-1 0,8 3,4 10,2 2,-58
330,516 -16,-1 2,-52 16,0 0,-3 -20,-2 -3,11 5,0 -3,49 -5,-1 6,9 15,1 3,-6 0,-5
#R
47,202 80,12
124,292 29,3 24,2 50,5 7,1
123,1087 -16,-189 -8,-89 -11,-130 -1,-15 -5,-51 -1,-12 -1,-9 0,-8
335,48 -6,-1 -22,-4 -50,-6 -1,-1
136,30 1,-11 6,-139
64,404 8,0 46,2 4,1 46,3
48,-306 0,9 -6,91 0,7 -4,60 0,11 -1,9 -3,44 -5,79 0,4 0,6
127,214 -2,44 -1,34
185,37 8,1
379,63 20,6 18,7 19,8 21,9 26,12 19,9 16,8 20,10
256,51 35,4 23,3
244,54 0,8 -1,20
533,595 -28,82 -37,112 -32,96 -17,52 -27,80 -4,18 1,13
55,17 -11,-1 -6,-1 -9,-1
314,58 20,2
240,154 -1,19 -5,130 0,13 -4,99 0,6
242,118 -1,19 -1,17
217,41 16,1 3,1 8,0
120,653 9,-2 4,-1 11,-2 2,-1 18,-3
342,365 -1,2 -7,8 0,11 2,0 -1,13 0,11 5,1 -1,23 -1,9 -5,-1 -1,0 -1,0 0,3 -7,0 0,-35 -13,0 -3,3 -2,-1 -2,-1 1,-5 2,-71 2,0 4,1 3,8 11,1 3,4 5,0 2,0 3,0 -1,10 3,6
243,82 -1,36
245,22 -1,21
26,770 -4,-20 -22,11 4,20 22,-11
-6,712 93,-48
223,595 -1,12 0,9 0,4 -1,13
224,573 5,-32 0,-16 1,-7 1,-42 1,-19 0,-11 0,-12 -2,-13
230,421 -2,9 -1,16 -1,11 0,18 -2,43 -1,7 0,16 1,32
221,633 -1,26 -2,48 -2,51 0,30
515,-215 -1,7 -11,65 -10,57 -1,3 -4,25 -3,18 -8,42
224,573 -1,22
214,633 7,0
630,298 -12,36 -12,38 -24,75 -6,18 -23,72
553,537 -12,35 -5,14 -3,9
244,43 0,11
80,584 -2,-18
78,566 -2,-29 -3,-30 -9,-103
64,404 -10,-117 -5,-60 -2,-25 -12,-121 -5,-50 -1,-8
244,43 12,8
256,36 -12,7
247,-17 -2,39
358,56 -23,-8
334,60 24,-4
358,56 21,7
8,13 -8,3
72,24 -17,-7
29,14 -11,-1 -10,0
72,24 11,1 29,3 24,2
172,36 13,1
193,38 24,3
136,30 36,6
136,30 -1,13 0,15 -8,156
124,292 -2,48 -4,66
54,287 70,5
164,644 50,-11
87,664 13,-7 20,-4
168,410 22,2 33,2 7,1
538,132 19,10 18,10 13,9 15,9
0,16 8,4 10,2 11,1 16,3 10,1 17,-3
#W
224,518 6,0 8,1 13,2 29,2 16,2 6,1 11,7
222,616 11,1
313,533 -1,32 -3,15 -18,19 -3,12
231,705 5,-4 6,-4 2,-5 18,2 7,0 14,11 1,1 3,2 19,10 10,7 15,8 2,1 3,1 1,1 11,5
453,138 7,-41
234,316 13,0 2,-2 5,-4 7,-2 22,1 27,3 29,3 12,3 17,5 26,7 2,1 1,0 20,10 25,9 11,16
576,366 -59,-6
302,526 2,-9 1,-19 2,-45 22,2 6,0 11,1 10,1
237,27 -2,2 -2,0 -4,0 -35,-4 -57,-6 -93,-10 -8,-1 -3,0 -4,0 -5,-1 -3,0 -2,-1 -32,-3 -37,-4 -43,-5 -6,0
256,62 7,1 92,10 53,17 10,3 9,3 29,11 10,3 10,6 7,3 15,7 16,8 16,7 80,47 36,27 2,1 8,6 5,4 9,7 19,14 22,21 14,13 23,22 17,17 16,16 21,24 18,19 15,19 18,23 21,29 23,32 15,25 21,34 20,37 8,14 6,14 3,8 6,20 13,29 17,37 15,32 35,81 37,96
350,730 33,17 7,4 12,6
352,718 43,-51 -25,-57
459,666 -1,-6 -2,-6 -4,-5 -5,-1 -5,1 -3,2 -5,7 -2,8
438,756 5,-22 3,-10 9,-36 2,-10 2,-12
490,666 -14,-9 -3,0
478,681 1,-8 -1,-7 -5,-9 -5,-7 -5,-7 -8,-7 -4,-2 -3,-1 -8,0 -22,12 -3,14 -1,5 -2,10 -4,28 -1,10 5,30 16,12 10,2
446,724 -25,-14 -13,-8
433,682 2,-2 1,-3 0,-4 -1,-4 -2,-2 -1,-1 -1,0 -2,0 -2,2 -2,3 0,3 0,3 1,3 2,2 3,1 2,-1
436,677 3,2 16,9 17,9
466,110 -5,22 -4,16 -7,35 -1,7 -3,5 -3,3
217,1052 1,-23 0,-6 4,-59 2,-22 2,-35 1,-20 1,-38 1,-24 1,-28 0,-8 -1,-16 1,-36 1,-32 0,-24 1,-17 0,-5 0,-7 1,-35 2,-52 1,-24 1,-15 1,-7 3,-10 2,-51 3,-65 3,-79 1,-12 6,-156 1,-7 1,-26
379,559 5,0 21,3 9,2 96,8
241,137 16,2 4,0
419,163 6,6 19,22
221,456 5,1 3,0 3,0 4,1 7,0 6,-3 33,3 24,-46 0,-6 1,-9 0,-17 2,-26 0,-19 1,-23
283,309 0,-9
385,394 3,-18 2,-13 4,-33 2,-18
425,169 -1,37
436,236 -12,-30 -2,-1
558,429 -48,-2
567,399 -54,-4
576,366 3,-10
504,417 -20,-1 -8,0
504,426 6,1
385,394 12,48 0,2 1,3 17,0 10,1 15,0 4,1 7,0 9,1
339,306 0,9 -2,34 -1,13 -6,16 -1,21 5,0 1,0
474,15 6,3 4,5 1,6 0,11 -1,9 -7,39
577,650 19,-17 11,24 6,26 2,6 8,11 -2,32 10,30 10,27
82,613 -16,6
66,619 -10,2 -9,3 -2,-15
60,276 8,-6 10,-11 5,-5 3,-4 6,-9 5,-4 5,-2 8,-3 4,-2 3,-2 5,-2
55,216 7,10 4,3 7,5 6,4 4,6 3,6 3,5 2,4 5,5 5,3 1,1 6,3 6,5 4,5
129,487 6,1 9,0 13,1 1,-20 1,-8 0,-13 -17,-3 -5,0 -5,1 -6,1
218,524 -23,-2 -36,-3 -9,-8 -12,0 -10,-1 -12,-3 -8,2 -3,0 -12,-6 -9,1 -11,3
128,467 6,0 24,2
133,650 1,9 2,19 8,85
122,407 1,13 3,27 2,20 1,20
157,489 2,10 0,2 0,2 0,16 -2,39 -4,0
129,487 1,3 -2,11 0,9 0,20 -8,20 4,17 1,14 1,3 -1,31 3,27 1,9
36,8 1,-22 4,-61 2,-45 2,-10 1,-11 2,-38 0,-3 0,-6 1,-7 0,-8 6,-102
223,525 -5,-1
218,659 2,0 2,0
413,-67 -15,19 -18,15 -43,28 -59,23 -13,5 -8,1
256,62 0,-11 0,-15 1,-12
258,113 2,-37 -4,-14
237,61 -10,241 0,9 -4,103 0,8 -2,34 -1,19 -2,49 -1,22 -3,87
237,27 -1,16 0,10
44,9 0,7 1,10 -1,7
147,586 0,30 0,2 -3,7 1,11 1,11
371,371 19,-8
362,378 0,8
286,145 2,12
345,375 6,2 11,1 3,0
582,447 -8,-6 -16,-12 9,-30 5,-19 4,-14
500,520 1,-30 1,-15 0,-20 0,-2 2,-27 0,-9 3,-13 3,-9 1,0 2,0
356,457 -2,56 -1,22
359,536 3,-3 6,0 3,0 6,1
462,458 0,-7 0,-7
332,534 1,-19
382,414 -2,-1
377,492 -9,41
35,81 5,-2 6,-2 11,9 7,-1
-25,624 20,-6 0,-3 17,-6 10,-4 -5,-30 23,-10 2,14 11,-5 2,-4 1,-3 9,-3 1,13 7,-1
22,605 2,11 7,-2
484,416 15,39
214,633 -1,19 0,6
213,658 -5,129 0,8 0,6 3,6 0,4 -1,9 4,11
505,677 -8,-6 -7,-5
340,297 -4,2 -17,6 -7,3 -2,4
232,652 3,-1 2,-8 7,1
648,216 -14,41 -36,110 -24,74 -6,19 -24,71 -10,32 -5,13 -6,18 -26,77 -37,114 -31,93 -18,54 -27,79 -3,15 0,10
579,356 2,-12 -63,-7
351,377 -1,8
262,189 2,-44 0,-2
442,350 8,-6 4,0
385,394 21,-6 3,-1 5,-1 11,-10 16,-7 7,-2 5,-1
261,139 3,4 5,1 17,1 7,-9 39,4 6,10 54,5 4,4 14,1 3,2 6,1
513,356 1,-16 4,-3
441,369 1,-19
306,412 1,41
309,354 19,2 8,6 5,5
576,465 -8,-5 -16,-3 -42,-4
510,453 -8,0
47,624 -14,5
54,607 -9,2 -14,5
307,397 19,1 3,1
280,514 0,9
258,113 -8,-23
380,413 -8,0
28,-127 -3,58 -4,76
100,587 -11,2 1,10 -9,2
123,581 2,0
148,577 -1,9 -21,-2
153,571 -5,0 -2,0
153,558 -4,2 -1,11 0,6
288,160 0,4
157,558 18,2
189,431 1,-19
147,679 0,-3 -2,-15
282,458 0,6
145,661 -1,-13
189,451 0,-20
106,489 0,4 3,0
168,464 0,-2 -2,0 -7,-1
112,492 2,0 2,15
168,462 0,-16 -1,-7 1,-29
169,470 -2,0 -2,34 -6,-1
213,475 7,0 6,0 3,1 2,0
262,679 0,15
478,681 -2,5 -4,11 -7,18 -1,4 -1,5 -5,21 -2,4 -2,4 -2,2 -3,1 -3,0
414,664 11,7
453,628 0,-5 1,-4 1,-2 1,-5 1,-3 1,-2 -1,-3 -1,0 -2,0 -1,1 0,2 -2,1 -2,1 -2,-1 -1,1 0,2 0,1 1,2 3,4 2,2 1,3
451,634 2,-6 2,8
428,682 -7,28 -9,32
132,259 -7,-1
109,235 1,-3
97,250 -2,0
153,295 1,-21
107,266 1,5
92,250 -6,0
118,281 4,-55 -67,-10 5,60 58,5
108,509 1,16 -7,7 -26,5
154,274 -1,-3 1,-14 17,2 0,-12
177,297 1,-21 2,-28 -6,-1 -3,0 -4,0 2,-26
97,250 0,6 7,1 3,0 1,-11 -5,0 -5,-1 -1,5
19,6 -1,7 0,9 0,8
522,592 -3,-4 -5,-8 -4,-8
533,595 -6,0 -4,-1 -1,-2
397,331 26,-21
423,310 10,-12 3,-4 10,-12 4,-1
436,236 11,20 -1,26 -2,26 0,4 -2,38
444,312 15,6 34,22 -4,-54 -4,0
493,340 14,10
377,492 13,0
383,535 9,3 3,4 3,7 3,7 4,6
335,465 0,-10
333,515 2,-50
383,747 -1,12 0,6
235,565 8,0 7,-8 11,1
295,1034 3,-22 16,-76 6,-32 14,-80 1,-5 1,-11 3,-16 4,-23 5,-28 1,-7 1,-4 2,-12 8,-48 5,-28 2,-17 3,-15 0,-3 9,-48 4,-24 7,-43 8,-45 11,-60 8,-46 6,-31 5,-28 8,-46 7,-38 1,-7 1,-7 8,-46
147,341 -25,-1
448,367 -3,75
488,472 5,1 1,2 0,5 -2,36 2,3 6,1 30,2 5,2 9,7 9,6
231,681 13,11
277,753 2,-13 2,-8 3,-26
252,13 0,-11 5,-106
257,24 -3,-7 -2,-4
244,43 7,-21 1,-9
525,574 -1,-1 0,-1 -1,0 0,-1 -1,1 -1,1 0,1 0,1 0,1 0,1 1,0 1,0 1,0 0,-1 1,0 0,-1 0,-1
454,344 1,0 23,2
478,346 8,1 21,3 6,6 4,4
541,572 -7,-9 -5,-7
511,558 -97,-10
529,556 -18,2
364,585 1,-29 3,-23
364,604 6,3
349,734 -10,-4 1,-3 -2,-1 -3,-1 2,-13 3,-14 2,-9 3,1 3,-19 1,-10 5,-24 1,-7 1,0 1,-1 1,-1 1,-1 1,-3 1,-2 3,-18 3,-18 -3,-1 -8,-5 -7,39 0,3 0,3 2,2 2,2 2,1
395,667 13,5 4,2
460,97 8,-46
464,451 35,4 3,0
460,450 2,1 2,0
377,534 6,1
233,617 14,1 31,0 2,-24 29,-14
488,567 0,9
421,560 0,9
582,366 16,1
608,517 -2,12 -7,14 -7,13 -10,13 -8,6 -9,6 -4,1 -9,-2 -11,-8
415,447 0,21 -2,40
472,-39 -6,38 1,8 7,8
445,184 5,-1
529,576 -2,-1 -2,0
510,572 6,1 5,1
30,31 14,2 91,10 51,5 50,5
576,366 4,0
367,625 -6,-3
513,356 -2,39
-26,25 44,5 12,1
18,233 -4,1 1,16 -96,17 -31,4 -6,4
136,678 -26,6 -6,1 -1,-8 -15,2
136,678 11,-2
251,22 -6,0 -7,-1
49,227 -16,3
33,230 -15,3
250,557 1,-36
101,267 4,-6
433,298 7,5 4,5
415,468 4,1
451,449 1,-6
494,475 8,0
453,366 1,0 1,0
452,443 0,-2 -1,0 3,-75 1,-22
477,2 -3,13 -6,36
250,90 -7,-8
238,21 -1,6
236,53 1,3 0,5
244,43 -4,10 -3,8
241,-50 -3,71
236,53 4,0 4,1 8,4 4,4
237,61 3,1 4,0 7,0 5,0
278,618 8,0 17,1
286,618 -1,10
654,191 -2,-3 -5,-4 -27,-19 -38,-23 -42,-24 -24,-12 -27,-13 -12,-5 -29,-13 -10,-5 -34,-12 -28,-9 -24,-7 -26,-6 -17,-2 -32,-4 -11,-2 -9,-4 -4,-1 -2,-1
195,522 0,16 11,2 4,3 7,3
47,202 3,6 5,8
54,287 3,-6 3,-5
122,226 2,-6 3,-6
118,281 4,7 2,4
456,107 -4,10 -4,11 -4,14 -1,13 -2,9 1,17 3,3
305,498 -9,0 0,-5
326,398 0,28 4,0
337,426 1,-14 -4,0 0,-13
345,450 -11,-1
332,426 5,0 0,8 2,0
147,618 4,1 2,1 1,1 1,3 0,1 1,2 -1,2 0,2 -2,2 -1,1 -2,0 -2,1 -3,1
248,-61 -7,0 -8,-1 -15,-2 -20,-2 0,11 -1,13 -2,25 -1,15 0,27 -1,13
313,533 19,1 21,1 6,1
397,442 -3,-2 -4,0 -6,2 -5,4
379,424 -1,23 0,3 -11,-1 -21,-2
381,425 -1,-1
380,424 -1,0
367,449 0,1
367,458 -11,-1
367,450 0,8
337,434 0,7 -5,0 0,1 0,3 6,1 8,1
334,449 -4,-1 -1,7
346,447 0,1
346,448 0,8
332,441 -1,0
330,441 -5,0 1,-15
379,446 -1,1
461,132 4,0 3,-1 3,-3 1,-3 2,-3 2,-6
425,442 0,2 0,4
256,146 8,-1
250,302 11,6
340,698 -10,-3 4,-22
305,406 -6,0
306,406 -1,0
299,406 -3,0
425,444 -5,0 1,-20
344,374 -2,1 -2,1 -2,1 0,6
344,373 0,1
337,712 -21,13
348,671 12,-1
354,637 11,5
252,2 22,-18 16,-13 17,-10 9,-4 17,-4
552,580 1,8 8,14 4,20 12,28 3,8
334,673 -6,-2
334,673 3,-8 6,-3 6,-1
287,708 3,-1 4,-2 5,2 21,7 2,-1 4,-4 4,-14
290,707 5,1 4,-1
213,658 5,1
222,659 10,0
320,714 -14,4
445,442 -1,7
29,23 0,-1 0,-6 0,-2
29,14 -1,2 0,5 1,2
338,726 -2,9
335,725 -2,9